Counties <- tribble(,
~FIPS, ~County_code, ~County, ~Total, ~Anglo, ~Black, ~Hispanic, ~Other,
1,	1, "Anderson", 62245,	35857,	12824,	11926,	1638,
3,	2, "Andrews", 17487,	7345,	211,	9551,	380,
5,	3, "Angelina", 94245,	54217,	13963,	23215,	2850,
7,	4, "Aransas", 26041,	17433,	275,	7332,	1001,
9,	5, "Archer", 9847,	8673,	34,	965,	175,
11,	6, "Armstrong", 1970,	1775,	11,	143,	41,
13,	7, "Atascosa", 55946,	18481,	300,	36470,	695,
15,	8, "Austin", 36542,	20751,	3542,	11454,	795,
17,	9, "Bailey", 8426,	2613,	70,	5660,	83,
19,	10, "Bandera", 25100,	19537,	90,	5009,	464,
21,	11, "Bastrop", 100746,	47861,	7115,	42435,	3335,
23,	12, "Baylor", 3715,	3042,	67,	552,	54,
25,	13, "Bee", 33428,	10935,	2499,	19429,	565,
27,	14, "Bell", 394509,	181957,	77654,	98846,	36052,
29,	15, "Bexar", 2062088,	520396,	143321,	1283460,	114911,
31,	16, "Blanco", 13018,	10056,	62,	2667,	233,
33,	17, "Borden", 698,	588,	0,	103,	7,
35,	18, "Bosque", 20522,	15698,	312,	4158,	354,
37,	19, "Bowie", 95118,	58647,	24336,	7862,	4273,
39,	20, "Brazoria", 410571,	179419,	57178,	131636,	42338,
41,	21, "Brazos", 239527,	125110,	25220,	68987,	20210,
43,	22, "Brewster", 10226,	5364,	82,	4507,	273,
45,	23, "Briscoe", 1672,	1125,	38,	487,	22,
47,	24, "Brooks", 7619,	587,	18,	6964,	50,
49,	25, "Brown", 40617,	28310,	1485,	9685,	1137,
51,	26, "Burleson", 19763,	12557,	2393,	4509,	304,
53,	27, "Burnet", 52456,	37267,	894,	13188,	1107,
55,	28, "Caldwell", 49202,	19059,	2993,	26026,	1124,
57,	29, "Calhoun", 25263,	9794,	570,	13415,	1484,
59,	30, "Callahan", 14768,	12743,	144,	1461,	420,
61,	31, "Cameron", 493571,	40700,	1434,	445528,	5909,
63,	32, "Camp", 14442,	7892,	2365,	3734,	451,
65,	33, "Carson", 6526,	5680,	34,	654,	158,
67,	34, "Cass", 32050,	24322,	5389,	1585,	754,
69,	35, "Castro", 8901,	2869,	163,	5778,	91,
71,	36, "Chambers", 47621,	29843,	3781,	12653,	1344,
73,	37, "Cherokee", 57663,	32436,	7935,	15797,	1495,
75,	38, "Childress", 7460,	4390,	702,	2193,	175,
77,	39, "Clay", 11655,	10652,	53,	581,	369,
79,	40, "Cochran", 3458,	1334,	122,	1970,	32,
81,	41, "Coke", 3095,	2327,	7,	691,	70,
83,	42, "Coleman", 9274,	7024,	200,	1861,	189,
85,	43, "Collin", 1150398,	609949,	116997,	225614,	197838,
87,	44, "Collingsworth", 3243,	1839,	128,	1186,	90,
89,	45, "Colorado", 22688,	12170,	2914,	7242,	362,
91,	46, "Comal", 150366,	103559,	2558,	39865,	4384,
93,	47, "Comanche", 14855,	9918,	25,	4689,	223,
95,	48, "Concho", 4299,	1793,	57,	2396,	53,
97,	49, "Cooke", 41744,	30427,	1136,	8658,	1523,
99,	50, "Coryell", 86638,	49029,	12354,	17481,	7774,
101,	51, "Cottle", 1578,	1037,	149,	375,	17,
103,	52, "Crane", 5349,	1888,	135,	3232,	94,
105,	53, "Crockett", 4082,	1336,	13,	2691,	42,
107,	54, "Crosby", 7247,	2500,	199,	4479,	69,
109,	55, "Culberson", 2722,	527,	8,	2118,	69,
111,	56, "Dallam", 8054,	4029,	90,	3723,	212,
113,	57, "Dallas", 2639966,	628689,	587385,	1200938,	222954,
115,	58, "Dawson", 14756,	5184,	885,	8480,	207,
117,	59, "Deaf Smith", 22599,	5549,	172,	16577,	301,
119,	60, "Delta", 5805,	4739,	433,	378,	255,
121,	61, "Denton", 943020,	506676,	88928,	230221,	117195,
123,	62, "De Witt", 20937,	10608,	1907,	7971,	451,
125,	63, "Dickens", 2482,	1540,	92,	799,	51,
127,	64, "Dimmit", 10870,	1255,	91,	9424,	100,
129,	65, "Donley", 3873,	3205,	193,	403,	72,
131,	66, "Duval", 12596,	1212,	86,	11232,	66,
133,	67, "Eastland", 19857,	15563,	380,	3549,	365,
135,	68, "Ector", 159521,	51980,	6147,	97419,	3975,
137,	69, "Edwards", 2174,	935,	10,	1211,	18,
139,	70, "Ellis", 200285,	116333,	18847,	59325,	5780,
141,	71, "El Paso", 952366,	94878,	22538,	811142,	23808,
143,	72, "Erath", 41649,	30151,	574,	9824,	1100,
145,	73, "Falls", 19236,	9418,	4800,	4638,	380,
147,	74, "Fannin", 37727,	29352,	2377,	4726,	1272,
149,	75, "Fayette", 28422,	19439,	1775,	6796,	412,
151,	76, "Fisher", 3913,	2572,	137,	1147,	57,
153,	77, "Floyd", 6688,	2447,	213,	3976,	52,
155,	78, "Foard", 1365,	1061,	59,	236,	9,
157,	79, "Fort Bend", 888595,	256877,	189470,	244499,	197749,
159,	80, "Franklin", 11838,	9026,	457,	2031,	324,
161,	81, "Freestone", 21997,	14521,	3426,	3675,	375,
163,	82, "Frio", 20080,	2930,	509,	15996,	645,
165,	83, "Gaines", 21681,	13151,	290,	7957,	283,
167,	84, "Galveston", 335006,	182002,	40757,	88950,	23297,
169,	85, "Garza", 6969,	2980,	433,	3485,	71,
171,	86, "Gillespie", 29929,	22411,	54,	7049,	415,
173,	87, "Glasscock", 1351,	875,	15,	453,	8,
175,	88, "Goliad", 8518,	4870,	310,	3228,	110,
177,	89, "Gonzales", 22345,	8566,	1467,	11981,	331,
179,	90, "Gray", 24928,	14869,	1156,	8214,	689,
181,	91, "Grayson", 133647,	96556,	7413,	22148,	7530,
183,	92, "Gregg", 136671,	71500,	25957,	33481,	5733,
185,	93, "Grimes", 30863,	17471,	4754,	8078,	560,
187,	94, "Guadalupe", 182526,	91433,	11642,	71617,	7834,
189,	95, "Hale", 38415,	12460,	1916,	23358,	681,
191,	96, "Hall", 3320,	1752,	253,	1275,	40,
193,	97, "Hamilton", 8802,	7535,	41,	1096,	130,
195,	98, "Hansford", 6513,	3102,	30,	3306,	75,
197,	99, "Hardeman", 4456,	2876,	230,	1242,	108,
199,	100, "Hardin", 62163,	53018,	3748,	3965,	1432,
201,	101, "Harris", 4885616,	1261195,	851392,	2308443,	464586,
203,	102, "Harrison", 72253,	42966,	14549,	12591,	2147,
205,	103, "Hartley", 6321,	4132,	417,	1665,	107,
207,	104, "Haskell", 6072,	3915,	213,	1795,	149,
209,	105, "Hays", 246119,	130732,	7025,	99682,	8680,
211,	106, "Hemphill", 4389,	2846,	4,	1468,	71,
213,	107, "Henderson", 84178,	63570,	5060,	12909,	2639,
215,	108, "Hidalgo", 1005539,	68105,	3489,	919328,	14617,
217,	109, "Hill", 39349,	27203,	2462,	8843,	841,
219,	110, "Hockley", 24916,	11647,	980,	11855,	434,
221,	111, "Hood", 61274,	51429,	263,	8089,	1493,
223,	112, "Hopkins", 38504,	26427,	2710,	7984,	1383,
225,	113, "Houston", 25147,	15189,	6390,	3014,	554,
227,	114, "Howard", 37715,	19190,	2304,	15104,	1117,
229,	115, "Hudspeth", 3981,	673,	30,	3223,	55,
231,	116, "Hunt", 101894,	68204,	8724,	19845,	5121,
233,	117, "Hutchinson", 22540,	15691,	552,	5360,	937,
235,	118, "Irion", 1712,	1180,	11,	494,	27,
237,	119, "Jack", 9689,	7484,	336,	1726,	143,
239,	120, "Jackson", 14356,	8389,	1009,	4733,	225,
241,	121, "Jasper", 37167,	27200,	6204,	2668,	1095,
243,	122, "Jeff Davis", 2478,	1517,	10,	892,	59,
245,	123, "Jefferson", 268231,	99017,	88092,	63887,	17235,
247,	124, "Jim Hogg", 5735,	343,	18,	5333,	41,
249,	125, "Jim Wells", 44487,	7571,	172,	36305,	439,
251,	126, "Johnson", 186847,	126644,	5754,	47197,	7252,
253,	127, "Jones", 22286,	13042,	2347,	6488,	409,
255,	128, "Karnes", 16265,	6314,	1367,	8428,	156,
257,	129, "Kaufman", 149063,	93169,	15955,	34793,	5146,
259,	130, "Kendall", 44958,	33119,	153,	10679,	1007,
261,	131, "Kenedy", 462,	94,	1,	357,	10,
263,	132, "Kent", 809,	654,	6,	137,	12,
265,	133, "Kerr", 57004,	39073,	840,	15657,	1434,
267,	134, "Kimble", 5052,	3651,	16,	1319,	66,
269,	135, "King", 299,	252,	0,	42,	5,
271,	136, "Kinney", 3816,	1335,	38,	2384,	59,
273,	137, "Kleberg", 35499,	7403,	1250,	25538,	1308,
275,	138, "Knox", 3762,	2164,	233,	1303,	62,
277,	139, "Lamar", 53136,	37725,	7330,	5120,	2961,
279,	140, "Lamb", 14620,	5365,	593,	8466,	196,
281,	141, "Lampasas", 23399,	16360,	685,	5232,	1122,
283,	142, "La Salle", 8210,	937,	18,	7196,	59,
285,	143, "Lavaca", 19830,	14153,	1371,	3986,	320,
287,	144, "Lee", 19104,	11762,	1982,	4941,	419,
289,	145, "Leon", 19495,	14427,	1242,	3482,	344,
291,	146, "Liberty", 90780,	57114,	9216,	22117,	2333,
293,	147, "Limestone", 26085,	15060,	4322,	6127,	576,
295,	148, "Lipscomb", 3797,	2270,	7,	1434,	86,
297,	149, "Live Oak", 11854,	6510,	451,	4664,	229,
299,	150, "Llano", 21407,	18898,	113,	1989,	407,
301,	151, "Loving", 81,	59,	0,	18,	4,
303,	152, "Lubbock", 313938,	160605,	22421,	115374,	15538,
305,	153, "Lynn", 6239,	2851,	121,	3181,	86,
307,	154, "Mcculloch", 9040,	5696,	142,	3087,	115,
309,	155, "Mclennan", 255521,	131366,	37098,	77026,	10031,
311,	156, "Mcmullen", 771,	456,	8,	301,	6,
313,	157, "Madison", 15654,	8885,	2883,	3534,	352,
315,	158, "Marion", 11384,	7986,	2567,	414,	417,
317,	159, "Martin", 5606,	2861,	75,	2602,	68,
319,	160, "Mason", 4211,	3110,	14,	1047,	40,
321,	161, "Matagorda", 39696,	16911,	4278,	17183,	1324,
323,	162, "Maverick", 63502,	1710,	82,	60759,	951,
325,	163, "Medina", 56907,	24712,	995,	30154,	1046,
327,	164, "Menard", 2406,	1391,	11,	989,	15,
329,	165, "Midland", 159256,	71168,	9579,	72559,	5950,
331,	166, "Milam", 26786,	16155,	2607,	7555,	469,
333,	167, "Mills", 5240,	4110,	28,	1029,	73,
335,	168, "Mitchell", 10050,	4797,	1044,	4069,	140,
337,	169, "Montague", 21462,	18089,	38,	2862,	473,
339,	170, "Montgomery", 660481,	409547,	29427,	189992,	31515,
341,	171, "Moore", 25817,	8044,	329,	14435,	3009,
343,	172, "Morris", 13917,	8592,	3286,	1611,	428,
345,	173, "Motley", 1196,	965,	24,	197,	10,
347,	174, "Nacogdoches", 73458,	41255,	13391,	16199,	2613,
349,	175, "Navarro", 55437,	29743,	6557,	17172,	1965,
351,	176, "Newton", 14314,	10372,	3031,	493,	418,
353,	177, "Nolan", 16176,	9119,	745,	6006,	306,
355,	178, "Nueces", 376623,	102061,	12752,	247622,	14188,
357,	179, "Ochiltree", 12755,	5042,	19,	7508,	186,
359,	180, "Oldham", 2233,	1779,	75,	325,	54,
361,	181, "Orange", 88026,	69125,	7946,	7667,	3288,
363,	182, "Palo Pinto", 31708,	23409,	652,	6986,	661,
365,	183, "Panola", 25965,	18279,	4100,	3019,	567,
367,	184, "Parker", 159119,	125161,	2551,	26330,	5077,
369,	185, "Parmer", 12385,	3674,	96,	8535,	80,
371,	186, "Pecos", 17026,	4271,	521,	11965,	269,
373,	187, "Polk", 51908,	35798,	5577,	8576,	1957,
375,	188, "Potter", 134475,	54579,	12712,	56187,	10997,
377,	189, "Presidio", 8683,	1172,	27,	7327,	157,
379,	190, "Rains", 13134,	11320,	263,	1228,	323,
381,	191, "Randall", 142109,	98938,	3993,	33050,	6128,
383,	192, "Reagan", 3908,	1263,	63,	2551,	31,
385,	193, "Real", 3439,	2332,	26,	996,	85,
387,	194, "Red River", 13468,	9521,	2442,	1148,	357,
389,	195, "Reeves", 14934,	2521,	672,	11532,	209,
391,	196, "Refugio", 7514,	3021,	484,	3885,	124,
393,	197, "Roberts", 994,	888,	0,	92,	14,
395,	198, "Robertson", 19553,	10680,	4078,	4417,	378,
397,	199, "Rockwall", 115985,	79174,	7891,	22323,	6597,
399,	200, "Runnels", 11010,	6536,	181,	4142,	151,
401,	201, "Rusk", 63351,	38175,	10820,	12619,	1737,
403,	202, "Sabine", 12186,	10681,	847,	413,	245,
405,	203, "San Augustine", 9340,	6274,	2225,	667,	174,
407,	204, "San Jacinto", 32428,	23399,	3405,	4829,	795,
409,	205, "San Patricio", 68331,	25753,	979,	39954,	1645,
411,	206, "San Saba", 6482,	4011,	196,	2176,	99,
413,	207, "Schleicher", 3920,	2006,	31,	1862,	21,
415,	208, "Scurry", 18906,	9643,	820,	8159,	284,
417,	209, "Shackelford", 3734,	3236,	14,	416,	68,
419,	210, "Shelby", 28649,	17324,	4763,	6145,	417,
421,	211, "Sherman", 3440,	1717,	12,	1679,	32,
423,	212, "Smith", 243064,	133147,	42597,	57217,	10103,
425,	213, "Somervell", 10480,	7687,	62,	2458,	273,
427,	214, "Starr", 68878,	2785,	15,	65895,	183,
429,	215, "Stephens", 10297,	7383,	194,	2564,	156,
431,	216, "Sterling", 1214,	746,	13,	425,	30,
433,	217, "Stonewall", 1515,	1191,	36,	252,	36,
435,	218, "Sutton", 4651,	1646,	6,	2976,	23,
437,	219, "Swisher", 8230,	3720,	604,	3757,	149,
439,	220, "Tarrant", 2127850,	901920,	334922,	704636,	186372,
441,	221, "Taylor", 138279,	84166,	9923,	36754,	7436,
443,	222, "Terrell", 1047,	498,	6,	528,	15,
445,	223, "Terry", 13323,	5345,	599,	7211,	168,
447,	224, "Throckmorton", 1639,	1426,	9,	179,	25,
449,	225, "Titus", 37790,	15458,	3381,	18041,	910,
451,	226, "Tom Green", 114995,	59916,	4150,	46793,	4136,
453,	227, "Travis", 1277007,	591968,	92541,	466130,	126368,
455,	228, "Trinity", 16618,	13209,	1588,	1488,	333,
457,	229, "Tyler", 22646,	17754,	2574,	1858,	460,
459,	230, "Upshur", 45120,	34955,	4004,	4566,	1595,
461,	231, "Upton", 3886,	1692,	48,	2096,	50,
463,	232, "Uvalde", 28593,	7288,	125,	20777,	403,
465,	233, "Val Verde", 53256,	8110,	640,	43769,	737,
467,	234, "Van Zandt", 58259,	47947,	1566,	7118,	1628,
469,	235, "Victoria", 92845,	38751,	5776,	45490,	2828,
471,	236, "Walker", 72778,	40259,	15835,	13889,	2795,
473,	237, "Waller", 58002,	22961,	12278,	21540,	1223,
475,	238, "Ward", 11213,	4712,	522,	5750,	229,
477,	239, "Washington", 37673,	22907,	6672,	7066,	1028,
479,	240, "Webb", 317733,	8732,	604,	305709,	2688,
481,	241, "Wharton", 43271,	18616,	5822,	18233,	600,
483,	242, "Wheeler", 5934,	3643,	132,	2039,	120,
485,	243, "Wichita", 133363,	82554,	13972,	28739,	8098,
487,	244, "Wilbarger", 14897,	8414,	1177,	4810,	496,
489,	245, "Willacy", 26817,	2312,	408,	23857,	240,
491,	246, "Williamson", 633783,	355456,	40641,	183502,	54184,
493,	247, "Wilson", 57292,	32363,	780,	23052,	1097,
495,	248, "Winkler", 8371,	3249,	135,	4826,	161,
497,	249, "Wise", 74490,	53104,	647,	18633,	2106,
499,	250, "Wood", 48594,	39831,	2244,	5432,	1087,
501,	251, "Yoakum", 9591,	2993,	60,	6412,	126,
503,	252, "Young", 19914,	14935,	229,	4339,	411,
505,	253, "Zapata", 17043,	781,	11,	16182,	69,
507,	254, "Zavala", 12895,	653,	34,	12176,	32
)
